[cm]
  16   16   16
 0.3125000E-01
 0.9375000E-01
 0.1562500E+00
 0.2187500E+00
 0.2812500E+00
 0.3437500E+00
 0.4062500E+00
 0.4687500E+00
 0.5312500E+00
 0.5937500E+00
 0.6562500E+00
 0.7187500E+00
 0.7812500E+00
 0.8437500E+00
 0.9062500E+00
 0.9687500E+00
 0.3125000E-01
 0.9375000E-01
 0.1562500E+00
 0.2187500E+00
 0.2812500E+00
 0.3437500E+00
 0.4062500E+00
 0.4687500E+00
 0.5312500E+00
 0.5937500E+00
 0.6562500E+00
 0.7187500E+00
 0.7812500E+00
 0.8437500E+00
 0.9062500E+00
 0.9687500E+00
 0.3125000E-01
 0.9375000E-01
 0.1562500E+00
 0.2187500E+00
 0.2812500E+00
 0.3437500E+00
 0.4062500E+00
 0.4687500E+00
 0.5312500E+00
 0.5937500E+00
 0.6562500E+00
 0.7187500E+00
 0.7812500E+00
 0.8437500E+00
 0.9062500E+00
 0.9687500E+00
